lastAccountName: Atlas
timestamps:
  login: 1585735395338
  logout: 1585735662966
  lastteleport: 1585726565361
ipAddress: 5.18.245.145
logoutlocation:
  world: world
  x: 480.30000001192093
  y: 60.20000004768377
  z: 561380.4880375952
  yaw: -178.78839
  pitch: 7.247077
lastlocation:
  world: world
  x: -173.2270239033429
  y: 79.60399546340956
  z: 684.4187292672127
  yaw: -54.217773
  pitch: 17.835455
homes:
  home:
    world: world
    x: -235.8655838948388
    y: 90.0
    z: 322.4450220445887
    yaw: -167.48093
    pitch: 11.620444
