lastAccountName: Atlas17233
timestamps:
  login: 1587057560118
  logout: 1587061256935
  lastteleport: 1587049492949
ipAddress: 5.18.247.142
lastlocation:
  world: world
  x: -8457548.476327306
  y: 71.42941052845573
  z: 2.914413281844756E7
  yaw: -222.92291
  pitch: 1.3500682
logoutlocation:
  world: world
  x: -8457501.635378715
  y: 64.0
  z: 2.9144129594871253E7
  yaw: -187.23584
  pitch: 3.750158
homes:
  home:
    world: world
    x: -8457504.422042402
    y: 64.0
    z: 2.9144128507922195E7
    yaw: -268.67065
    pitch: 90.0
afk: false
