lastAccountName: Atlas17233
timestamps:
  login: 1586930074159
ipAddress: 5.18.247.142
lastlocation:
  world: world
  x: -36.258742505237095
  y: 72.17675927506424
  z: 216.1263128680367
  yaw: 30.902527
  pitch: 13.349989
