lastAccountName: Atlas17233
timestamps:
  login: 1586879139998
  logout: 1586891739347
  lastteleport: 1586891707791
ipAddress: 5.18.247.142
lastlocation:
  world: world
  x: -532.7680571482568
  y: 61.0
  z: -430.69999998807907
  yaw: -122.24072
  pitch: 8.550044
afk: false
logoutlocation:
  world: world
  x: -413.3732954182902
  y: 64.0
  z: -455.62917409101414
  yaw: -217.94609
  pitch: -3.8999615
homes:
  home:
    world: world
    x: -413.65792460971085
    y: 64.0
    z: -456.6314924233632
    yaw: 25.65387
    pitch: 22.199974
  a:
    world: world
    x: -504.9415791073462
    y: 64.0
    z: -405.17261668106
    yaw: 263.7032
    pitch: 19.19998
