lastAccountName: Atlas17233
timestamps:
  login: 1587126446456
  logout: 1587130375341
  lastteleport: 1587126747783
ipAddress: 5.18.247.142
lastlocation:
  world: world
  x: 8.0
  y: 64.0
  z: 256.0
  yaw: 131.1
  pitch: 14.399996
logoutlocation:
  world: world
  x: -8457506.699999988
  y: 64.9375
  z: 2.9144139699999988E7
  yaw: -273.3207
  pitch: 45.60003
homes:
  home:
    world: world
    x: -8457504.422042402
    y: 64.0
    z: 2.9144128507922195E7
    yaw: -268.67065
    pitch: 90.0
afk: false
