lastAccountName: Atlas17233
timestamps:
  login: 1586832570420
  logout: 1586832699010
  lastteleport: 1586831926123
ipAddress: 5.18.247.142
lastlocation:
  world: world
  x: 146.5
  y: 67.0
  z: 248.5
  yaw: 0.034513637
  pitch: 0.0
afk: false
logoutlocation:
  world: world
  x: 162.7947401409358
  y: 66.0
  z: 255.0942392576228
  yaw: -289.80066
  pitch: 24.000044
