lastAccountName: Atlas17233
timestamps:
  login: 1587122619784
  logout: 1587122644816
  lastteleport: 1587049492949
ipAddress: 5.18.247.142
lastlocation:
  world: world
  x: -8457548.476327306
  y: 71.42941052845573
  z: 2.914413281844756E7
  yaw: -222.92291
  pitch: 1.3500682
logoutlocation:
  world: world
  x: -8457513.580420692
  y: 64.0
  z: 2.9144124246906314E7
  yaw: -172.68674
  pitch: 29.100004
homes:
  home:
    world: world
    x: -8457504.422042402
    y: 64.0
    z: 2.9144128507922195E7
    yaw: -268.67065
    pitch: 90.0
afk: false
