lastAccountName: DANTELZ
timestamps:
  login: 1587056462138
  logout: 1587056802270
  lastteleport: 1587056788820
ipAddress: 129.227.113.210
lastlocation:
  world: world
  x: -8457508.484870667
  y: 66.15811695478604
  z: 2.9144127360124893E7
  yaw: -101.14612
  pitch: -71.40007
logoutlocation:
  world: world
  x: -8457505.242233481
  y: 64.0
  z: 2.9144123425711375E7
  yaw: 16.174006
  pitch: -17.250061
afk: false
homes:
  a:
    world: world
    x: -8457569.731589526
    y: 71.0
    z: 2.914406135873847E7
    yaw: -164.276
    pitch: 43.49993
