lastAccountName: DANTELZ
timestamps:
  login: 1587057078045
  logout: 1587057917596
  lastteleport: 1587056788820
ipAddress: 129.227.113.210
lastlocation:
  world: world
  x: -8457508.484870667
  y: 66.15811695478604
  z: 2.9144127360124893E7
  yaw: -101.14612
  pitch: -71.40007
logoutlocation:
  world: world
  x: -8457459.939864201
  y: 79.74435029787627
  z: 2.914432445905897E7
  yaw: -14.5859375
  pitch: 42.450085
afk: false
homes:
  a:
    world: world
    x: -8457569.731589526
    y: 71.0
    z: 2.914406135873847E7
    yaw: -164.276
    pitch: 43.49993
