lastAccountName: CORE
timestamps:
  login: 1585728916028
  logout: 1585728908375
  lastteleport: 1585729534851
ipAddress: 148.153.82.27
lastlocation:
  world: world
  x: -199.92877206865566
  y: 77.0
  z: 256.6322471665276
  yaw: -7.0207944
  pitch: 7.596269
logoutlocation:
  world: world
  x: 666.8989852250512
  y: 78.0
  z: 561365.2526073969
  yaw: -98.560455
  pitch: 24.39583
homes:
  home:
    world: world
    x: 664.9856349414757
    y: 78.0
    z: 561367.8133065184
    yaw: 350.54007
    pitch: 26.237616
afk: true
