lastAccountName: '123456'
timestamps:
  login: 1584546343937
  logout: 1584550954110
  lastteleport: 1584550852736
ipAddress: 31.134.191.91
lastlocation:
  world: world
  x: -202.30000001192093
  y: 73.0
  z: 251.85733148470362
  yaw: 192.89919
  pitch: 21.06237
logoutlocation:
  world: world
  x: -247.9776012449769
  y: 63.0
  z: 313.9304912718892
  yaw: 210.29529
  pitch: 27.73785
