lastAccountName: RESP
timestamps:
  login: 1587046230155
  lastteleport: 1587053881781
  logout: 1587054228223
ipAddress: 112.240.17.55
lastlocation:
  world: DIM7
  x: -8457966.343596844
  y: 149.0
  z: 2.9146615006212283E7
  yaw: -76.89932
  pitch: 10.050068
homes:
  home:
    world: world
    x: -8457571.175433517
    y: 78.0
    z: 2.914403852332434E7
    yaw: -165.4926
    pitch: 41.69991
logoutlocation:
  world: DIM7
  x: -8457939.735817922
  y: 73.34994658743653
  z: 2.9146407893522337E7
  yaw: 132.34885
  pitch: 24.750078
afk: false
