lastAccountName: RESP
timestamps:
  login: 1586874267305
  logout: 1586874292330
  lastteleport: 1586872397465
ipAddress: 112.240.17.55
lastlocation:
  world: world
  x: -537.5634370444395
  y: 63.0
  z: -390.7203294434689
  yaw: -116.95682
  pitch: 5.2499895
logoutlocation:
  world: world
  x: -679.2910917101467
  y: 70.0
  z: -380.10050710481374
  yaw: -244.47253
  pitch: 28.05031
homes:
  home:
    world: world
    x: -444.02534093503317
    y: 64.0
    z: -445.54027392780057
    yaw: -80.792725
    pitch: 19.949984
